1/ (sqrt( (64/pi/R_air) * (Prs_stp^2/T_stp^2) * (42.0177095025818 * 17.478/29 * 4000 * T_gas)/0.89^5))...
    
cq = 1e6/24/3600;