function mpc = caseUKgasSystem()
% bus: bus index, energy load (MJ)
mpc.Gbus = [
    1	0
2	7.760112535
3	0
4	0
5	0
6	11.1134062
7	42.08961699
8	1.413265528
9	0
10	0
11	630.7018615
12	12.83502057
13	155.7418612
14	14.27398183
15	5.01066869
16	0
17	0.591001948
18	0
19	0
20	20.73645965
21	10.10807647
22	0
23	0.350344114
24	127.1100348
25	0
26	1.154838005
27	0
28	6.825222367
29	117.0279097
30	174.7827857
31	51.60439041
32	201.1234728
33	22.51285324
34	13.55961478
35	0
36	0
37	0
38	0
39	565.3062112
40	0
41	0
42	0
43	0
44	0
45	559.267713
46	0
47	0.025695737
48	0
49	0
50	130.2002987
51	0
52	64.05947202
53	0
54	0
55	1.541744212
56	3.562822581
57	8.407236018
58	0.012815909
59	64.10517463
60	197.9929714
61	8.407236018
62	0
63	0
64	0
65	0
66	2.442884756
67	0
68	0
69	0
70	0
71	0
72	2.631767597
73	5.225758626
74	46.59110101
75	1.964381556
76	112.7000957
77	81.86182369
78	0
79	0
80	0
81	123.9819304
82	0
83	0
84	92.72261906
85	265.7965104
86	73.97815429
87	0
88	0
89	0
90	0
91	0
92	0
93	26.01054161
94	0
95	7.866602827
96	0
97	180.9572412
98	60.17951163
99	0
100	0
101	0
102	0
103	0
104	0
105	7.549401101
106	496.864785
107	0
108	0
109	0
110	888.9397983
111	0
112	0
113	0
114	0
115	0
116	227.3200848
117	0
118	596.6684333
119	234.8973868
120	0
121	0
122	0
123	0
124	0
125	0
126	0
127	432.1428488
128	0
129	42.11953143
130	0
131	76.09003065
132	0
133	74.05313215
134	0
135	19.71917694
136	0
137	14.82062348
138	0
139	0
140	85.91213019
141	214.8713152
142	0.02499262
143	0
144	0
145	34.02745171
146	109.5926374
147	0
148	0
149	25.09188705
150	388.0236521
151	104.4382132
152	0
153	0
154	0
155	313.8461961
156	0
157	11.87143043
158	0
159	0
160	0
    ];

% gas pipelie
% from bus, to bus
mpc.Gline = [
    1	2
1	3
1	3
1	3
1	3
2	3
3	4
3	4
3	5
3	5
3	6
4	22
5	6
5	7
5	8
5	10
7	9
8	10
9	10
10	11
10	12
10	16
10	16
12	13
13	14
14	15
15	21
16	17
16	19
17	18
18	19
18	25
19	20
20	25
21	22
22	23
22	30
23	24
25	26
25	28
25	31
26	30
27	29
28	36
29	30
29	32
30	32
30	33
31	36
32	33
32	56
32	57
33	34
34	59
35	36
36	37
36	38
37	38
37	40
37	40
38	39
38	63
39	43
40	41
40	42
41	42
41	44
42	44
44	45
44	45
45	46
45	51
45	52
47	50
48	49
49	50
49	51
50	51
51	149
50	53
52	149
53	54
54	55
54	81
55	149
56	62
57	58
58	60
58	61
58	65
59	63
60	61
60	65
60	65
60	65
60	66
61	62
61	63
61	64
62	63
64	67
66	71
66	71
67	68
67	68
68	69
69	71
70	71
70	71
71	72
71	73
71	73
72	74
73	88
73	88
74	75
75	90
75	92
76	77
76	149
76	151
76	152
77	78
78	88
79	80
79	88
80	154
82	83
83	84
83	85
83	131
85	86
86	87
86	87
87	130
88	89
88	90
88	91
88	91
89	90
90	93
90	94
91	92
91	92
92	99
92	99
92	107
92	108
92	109
93	94
94	95
94	96
94	96
95	96
96	97
96	100
97	98
98	99
99	104
99	104
99	105
100	101
101	102
102	103
102	112
103	104
103	111
103	112
105	106
106	107
106	110
107	108
107	108
107	109
108	109
112	114
112	114
113	123
114	115
114	115
115	116
115	116
115	117
115	117
117	118
119	120
120	121
120	121
121	122
121	123
122	124
123	124
124	125
125	126
125	128
126	127
128	129
129	142
130	131
131	132
132	133
132	134
133	134
134	135
134	136
134	136
134	160
135	157
136	137
136	138
138	139
139	140
140	141
140	142
142	143
142	143
143	144
143	144
144	145
144	145
145	146
145	146
146	147
146	147
147	148
149	150
150	151
152	153
152	154
154	155
154	158
154	159
155	156
156	157
158	159
158	160
159	160
];

% gas source
% bus index, upper bound (Mm3/day)
mpc.Gsou = [
1	151.88
27	32.84
35	28.1
48	6.68
65	0
70	55.51
82	0
96	162.12
116	15.9
1	10
116	10
    ];

mpc.gasComposition = [
0.9192	0.0439	0.0053	0.0009	0	0.0076	0.0231
0.8628	0.0701	0.0121	0.0027	0	0.005	0.0473
0.9166	0.0388	0.0046	0.0013	0	0.0154	0.0233
0.9219	0.0432	0.0043	0.0003	0	0.0076	0.0228
0.9771	0.0063	0.0007	0.0002	0	0.0112	0.0045
0.94	0	0	0	0.005	0.025	0.025
0.9192	0.0439	0.0053	0.0009	0	0.0076	0.0231
0.8628	0.0701	0.0121	0.0027	0	0.005	0.0473
0.9166	0.0388	0.0046	0.0013	0	0.0154	0.0233
0	0	0	0	1	0	0
0	0	0	0	1	0	0
];

mpc.Gcost = [
  85000 / 24;  
];

mpc.gamma = [
    0
1
0
1
0
0
0
0
1
0
1
0
1
1
1
1
0
0
0
1
1
1
0
1
0
0
0
0
1
0
0
1
1
1
0
1
0
1
1
0
1
1
1
0
1
0
1
1
1
0
1
1
1
1
1
1
1
0
1
1
1
1
0
1
1
0
1
0
1
0
0
1
1
0
1
1
0
0
1
1
1
1
0
1
0
0
0
0
1
1
0
0
0
0
0
1
0
0
0
0
1
1
1
0
0
0
0
0
1
1
1
1
1
1
0
0
0
0
0
0
1
1
0
0
1
0
1
0
1
1
0
1
0
0
0
0
0
0
1
0
1
0
0
0
0
0
1
0
1
0
1
0
1
0
1
0
1
1
1
1
1
0
0
0
0
0
0
1
1
0
1
0
0
0
0
1
0
0
0
1
0
1
1
1
1
0
0
0
0
0
0
0
0
1
0
1
0
0
0
0
0
0
0
1
1
1
0
0
1
1
1
1
1
1
1
1
1
1
1
1
1
1
0
0
0
1
0
0
0
1
1
1
1
1
0
1
0];
end